66 0.421875 0.715625 0.4203125 0.53046875
12 0.1796875 0.828125 0.09375 0.309375
11 0.721875 0.3890625 0.01171875 0.125
11 0.85390625 0.39453125 0.09609375 0.16796875
11 0.67109375 0.39296875 0.01171875 0.128125
11 0.6796875 0.39296875 0.01015625 0.13046875
11 0.6921875 0.39453125 0.01171875 0.125
11 0.69375 0.76015625 0.0578125 0.15234375
11 0.703125 0.390625 0.01796875 0.13046875
11 0.73515625 0.3921875 0.14375 0.13046875
11 0.70390625 0.946875 0.24375 0.08515625
58 0.434375 0.0796875 0.09609375 0.14140625
13 0.34921875 0.22421875 0.08203125 0.0640625
39 0.2328125 0.975 0.07421875 0.0453125
11 0.2296875 0.24765625 0.11015625 0.01328125
11 0.228125 0.26015625 0.11171875 0.01328125
11 0.23125 0.2734375 0.1078125 0.01328125
58 0.8109375 0.1640625 0.0796875 0.146875
11 0.23203125 0.28671875 0.1078125 0.01328125
12 0.4390625 0.215625 0.05390625 0.17578125