42 0.453125 0.59609375 0.58984375 0.8046875
46 0.74375 0.58828125 0.09140625 0.0296875
11 0.55078125 0.6828125 0.02109375 0.109375
11 0.15390625 0.27890625 0.01484375 0.025
11 0.07578125 0.27890625 0.01875 0.0453125
11 0.06484375 0.2796875 0.01640625 0.0453125
11 0.10703125 0.28046875 0.05859375 0.046875
11 0.125 0.190625 0.19609375 0.071875
11 0.18671875 0.121875 0.02890625 0.0453125
53 0.09453125 0.8796875 0.18359375 0.209375
44 0.92578125 0.4984375 0.12109375 0.1328125
44 0.84453125 0.42265625 0.13125 0.1546875
44 0.94375 0.35859375 0.10859375 0.1640625