20 0.4703125 0.51875 0.03125 0.03984375
42 0.5234375 0.6140625 0.6765625 0.75
42 0.06328125 0.5984375 0.1265625 0.48125
42 0.18515625 0.64296875 0.1296875 0.353125
42 0.9015625 0.671875 0.19375 0.653125
20 0.9796875 0.53671875 0.025 0.0203125
42 0.2 0.44140625 0.0609375 0.08125
42 0.284375 0.5078125 0.128125 0.18828125
42 0.6703125 0.42734375 0.0515625 0.1828125
42 0.7046875 0.4546875 0.06875 0.19453125
42 0.296875 0.63046875 0.09375 0.115625
42 0.1234375 0.48046875 0.075 0.21875
42 0.75546875 0.5140625 0.1109375 0.15546875