0 0.5015625 0.340625 0.99375 0.665625
42 0.4015625 0.584375 0.1078125 0.384375
42 0.27109375 0.6046875 0.075 0.340625
42 0.73828125 0.56953125 0.0625 0.33046875
42 0.59375 0.57578125 0.0734375 0.2765625
42 0.528125 0.5734375 0.0625 0.275
42 0.48828125 0.5734375 0.0515625 0.2953125
42 0.32421875 0.578125 0.06875 0.28125
42 0.74453125 0.36640625 0.0671875 0.19453125
42 0.47109375 0.32265625 0.1046875 0.15703125
42 0.459375 0.5828125 0.0484375 0.28125
31 0.2953125 0.603125 0.028125 0.0578125
31 0.3109375 0.57578125 0.028125 0.05390625
60 0.73046875 0.47421875 0.0015625 0.0203125
31 0.77109375 0.5734375 0.03125 0.06171875
42 0.7046875 0.290625 0.03125 0.05390625
42 0.4515625 0.5296875 0.0234375 0.1546875