67 0.18671875 0.378125 0.33125 0.31171875
67 0.3421875 0.378125 0.240625 0.20859375
67 0.4171875 0.3453125 0.2 0.16640625
67 0.49140625 0.35625 0.10625 0.0984375
67 0.50859375 0.29296875 0.1390625 0.04921875
67 0.625 0.34453125 0.078125 0.05859375
67 0.6921875 0.2046875 0.059375 0.2109375
67 0.125 0.53125 0.25 0.6109375
67 0.06171875 0.45078125 0.1234375 0.2578125
67 0.30078125 0.39609375 0.19375 0.24375
67 0.425 0.384375 0.1390625 0.159375
42 0.57734375 0.5515625 0.096875 0.45234375
42 0.809375 0.5640625 0.0765625 0.43359375
42 0.2609375 0.71640625 0.1328125 0.40546875
42 0.86796875 0.503125 0.071875 0.13125
42 0.86640625 0.42421875 0.0375 0.10078125
42 0.93828125 0.5125 0.078125 0.11015625
42 0.865625 0.36796875 0.021875 0.0796875
67 0.575 0.35234375 0.13125 0.09375
31 0.1921875 0.9484375 0.09375 0.07734375
21 0.54609375 0.79765625 0.45625 0.30703125
42 0.378125 0.54453125 0.0796875 0.05390625
42 0.490625 0.46484375 0.040625 0.07734375
42 0.921875 0.3796875 0.009375 0.03046875
42 0.38125 0.93125 0.1875 0.13359375
42 0.5203125 0.44765625 0.0234375 0.084375
21 0.39140625 0.63828125 0.1328125 0.1078125
21 0.13515625 0.71171875 0.2171875 0.25546875
21 0.084375 0.9640625 0.1578125 0.046875
21 0.40390625 0.65703125 0.1140625 0.0703125
21 0.04921875 0.85625 0.0984375 0.196875
21 0.39453125 0.596875 0.09375 0.046875
21 0.42421875 0.70390625 0.1203125 0.04453125
21 0.37890625 0.55390625 0.0984375 0.05859375
42 0.9796875 0.4109375 0.0125 0.0609375
67 0.77734375 0.28671875 0.1046875 0.075
31 0.19296875 0.85390625 0.0640625 0.028125
31 0.23125 0.83828125 0.1 0.1453125