26 0.4109375 0.67578125 0.2296875 0.21640625
26 0.153125 0.55234375 0.1890625 0.16015625
26 0.37890625 0.55390625 0.2296875 0.225
26 0.3890625 0.40625 0.21875 0.22109375
26 0.18671875 0.43203125 0.1890625 0.19609375
26 0.17734375 0.30078125 0.196875 0.17734375
26 0.84453125 0.53125 0.1890625 0.23984375
26 0.8328125 0.31875 0.190625 0.2125
26 0.178125 0.796875 0.2421875 0.25
26 0.8515625 0.79765625 0.2078125 0.3
26 0.63515625 0.821875 0.2671875 0.25859375
26 0.3921875 0.85078125 0.259375 0.18984375
26 0.55078125 0.51328125 0.1328125 0.39375