3 0.8453125 0.61953125 0.00625 0.12421875
4 0.89296875 0.871875 0.0140625 0.03203125
4 0.125 0.46796875 0.0109375 0.04140625
4 0.440625 0.12578125 0.0078125 0.02265625
42 0.5953125 0.17890625 0.0265625 0.128125
42 0.44453125 0.16953125 0.0421875 0.16953125
42 0.34453125 0.17421875 0.034375 0.1421875
42 0.13125 0.47265625 0.0296875 0.2203125
42 0.85234375 0.75 0.0453125 0.25234375
42 0.9078125 0.82109375 0.0421875 0.17421875
42 0.946875 0.81640625 0.0421875 0.215625
42 0.8796875 0.1328125 0.021875 0.04609375
42 0.859375 0.15625 0.015625 0.11953125
42 0.93984375 0.06171875 0.0140625 0.04609375
42 0.428125 0.09140625 0.028125 0.12421875
42 0.896875 0.18828125 0.01875 0.11015625
42 0.91328125 0.2015625 0.0109375 0.11015625