60 0.53125 0.8125 0.103125 0.37109375
42 0.11015625 0.76640625 0.2203125 0.4625
42 0.80703125 0.803125 0.1546875 0.38984375
42 0.2140625 0.69765625 0.14375 0.35625
42 0.9421875 0.69375 0.1125 0.2625
42 0.07578125 0.40625 0.021875 0.09140625
42 0.3046875 0.64375 0.075 0.09765625
42 0.70546875 0.58671875 0.0671875 0.1
42 0.64140625 0.53203125 0.0515625 0.05625
42 0.93828125 0.88671875 0.1203125 0.22265625
1 0.6640625 0.77578125 0.121875 0.44375
42 0.5078125 0.58125 0.575 0.8125
42 0.81484375 0.57265625 0.0125 0.02109375
42 0.865625 0.71484375 0.115625 0.30390625