55 0.48125 0.4109375 0.09765625 0.078125
42 0.58359375 0.38125 0.47890625 0.425
42 0.384375 0.2125 0.1125 0.171875
42 0.19296875 0.3375 0.11875 0.05625
42 0.32421875 0.29609375 0.08359375 0.128125
42 0.60234375 0.1765625 0.07734375 0.128125
42 0.93046875 0.29375 0.09140625 0.1546875
42 0.67421875 0.3765625 0.16015625 0.371875
42 0.79375 0.29140625 0.07734375 0.153125
42 0.19921875 0.265625 0.06015625 0.103125
42 0.15546875 0.265625 0.03984375 0.1
42 0.46640625 0.2109375 0.04140625 0.046875
42 0.0203125 0.2890625 0.040625 0.146875