44 0.384375 0.1765625 0.1015625 0.14765625
24 0.5828125 0.6515625 0.83125 0.6921875
23 0.74140625 0.5890625 0.2890625 0.26015625
35 0.5515625 0.7609375 0.1625 0.33046875
54 0.6078125 0.66015625 0.1328125 0.1703125
16 0.378125 0.69453125 0.196875 0.29296875
11 0.503125 0.5 0.2015625 0.19296875
7 0.05 0.3953125 0.1 0.1703125
7 0.28125 0.19609375 0.06875 0.03359375
67 0.54140625 0.109375 0.1640625 0.21796875
67 0.23046875 0.0640625 0.0515625 0.11640625
31 0.5421875 0.42734375 0.734375 0.3390625
42 0.71171875 0.05546875 0.0359375 0.075
7 0.21640625 0.2578125 0.1015625 0.1015625
7 0.34921875 0.34375 0.0828125 0.075
24 0.58203125 0.22265625 0.334375 0.04765625
67 0.18515625 0.05 0.04375 0.09375