63 0.1578125 0.44453125 0.0375 0.06875
63 0.0984375 0.43984375 0.0390625 0.05
1 0.31484375 0.8125 0.078125 0.11484375
65 0.54921875 0.70703125 0.3203125 0.25625
65 0.896875 0.70078125 0.2046875 0.13359375
42 0.27421875 0.859375 0.1140625 0.27734375
42 0.3921875 0.76328125 0.04375 0.16640625
42 0.3484375 0.75546875 0.034375 0.125
42 0.42578125 0.76484375 0.025 0.15234375
42 0.47578125 0.78203125 0.0515625 0.16015625
42 0.90390625 0.72734375 0.0234375 0.0875
42 0.20390625 0.71640625 0.015625 0.07734375
42 0.5109375 0.77421875 0.03125 0.15625
42 0.1375 0.73046875 0.03125 0.1
42 0.228125 0.71875 0.025 0.07890625
42 0.3640625 0.75390625 0.0234375 0.14609375
63 0.3640625 0.62890625 0.0171875 0.02265625
63 0.04765625 0.63828125 0.009375 0.01484375
63 0.05 0.58828125 0.009375 0.025
1 0.334375 0.73046875 0.0171875 0.04140625
31 0.4890625 0.76484375 0.0203125 0.02890625
42 0.3140625 0.73046875 0.0328125 0.08359375
65 0.90546875 0.83671875 0.1859375 0.32265625
65 0.196875 0.68984375 0.2203125 0.125
65 0.759375 0.68203125 0.0390625 0.02890625
63 0.15234375 0.38671875 0.0234375 0.03125
31 0.15 0.73046875 0.009375 0.025
42 0.85 0.72734375 0.021875 0.08359375
63 0.47734375 0.55859375 0.0109375 0.02890625
63 0.4671875 0.55703125 0.009375 0.025
63 0.090625 0.628125 0.0078125 0.00859375
31 0.33515625 0.74140625 0.0171875 0.06015625
31 0.74296875 0.71484375 0.009375 0.01015625