42 0.584375 0.7421875 0.2828125 0.4359375
42 0.91328125 0.39140625 0.16953125 0.1484375
59 0.671875 0.7078125 0.2015625 0.0640625
21 0.1625 0.38359375 0.0828125 0.034375
21 0.253125 0.38203125 0.08828125 0.0390625
21 0.4359375 0.38046875 0.090625 0.040625
21 0.52578125 0.503125 0.109375 0.04375
21 0.309375 0.42734375 0.09609375 0.046875
21 0.21953125 0.42109375 0.09609375 0.040625
21 0.12109375 0.42578125 0.090625 0.0375
21 0.071875 0.3859375 0.0921875 0.034375
21 0.8515625 0.51171875 0.11953125 0.0734375
21 0.67578125 0.453125 0.1 0.034375
21 0.6328125 0.5015625 0.0984375 0.0421875
21 0.5125 0.41796875 0.1265625 0.1203125
21 0.340625 0.39609375 0.09453125 0.065625