55 0.94296875 0.696875 0.021875 0.01640625
42 0.484375 0.76015625 0.1765625 0.37734375
42 0.26875 0.8359375 0.203125 0.26015625
42 0.11953125 0.79765625 0.159375 0.33515625
42 0.14140625 0.50078125 0.0453125 0.10546875
42 0.409375 0.49296875 0.0453125 0.1171875
42 0.325 0.5234375 0.046875 0.065625
42 0.25703125 0.50234375 0.0484375 0.0984375
42 0.0265625 0.60859375 0.0515625 0.1828125
42 0.86796875 0.52109375 0.034375 0.04921875
3 0.38984375 0.71328125 0.0828125 0.01875
4 0.35703125 0.79609375 0.03125 0.07265625
42 0.065625 0.625 0.0671875 0.13828125
42 0.28671875 0.53046875 0.0296875 0.05859375
42 0.04921875 0.509375 0.040625 0.1078125
42 0.81328125 0.51015625 0.025 0.0703125