12 0.615625 0.41171875 0.0125 0.05625
12 0.590625 0.41640625 0.0109375 0.04375
12 0.58046875 0.41328125 0.0109375 0.05859375
12 0.6046875 0.415625 0.0109375 0.05
12 0.6921875 0.61640625 0.028125 0.06484375
45 0.7453125 0.5 0.1515625 0.2875
12 0.73125 0.62734375 0.015625 0.07734375
12 0.63203125 0.35390625 0.0140625 0.03515625
12 0.5921875 0.29921875 0.015625 0.03125
12 0.63984375 0.29296875 0.015625 0.03359375
12 0.65703125 0.290625 0.0171875 0.03515625
21 0.3671875 0.925 0.2375 0.14609375
69 0.25078125 0.425 0.0203125 0.05859375
69 0.2328125 0.43515625 0.025 0.07734375
69 0.18046875 0.44375 0.021875 0.06875
69 0.10703125 0.44765625 0.03125 0.07890625
69 0.13984375 0.44921875 0.0234375 0.08359375
69 0.159375 0.446875 0.01875 0.07734375
23 0.25 0.50859375 0.0421875 0.04375
23 0.196875 0.51328125 0.0359375 0.04140625
23 0.2921875 0.50078125 0.03125 0.03359375
23 0.32265625 0.49296875 0.03125 0.03359375
13 0.83515625 0.47265625 0.0875 0.02265625
37 0.63203125 0.50546875 0.0828125 0.0625
41 0.465625 0.584375 0.0734375 0.07109375
69 0.12734375 0.44765625 0.0171875 0.08359375
69 0.1984375 0.4375 0.025 0.07890625
69 0.21640625 0.43828125 0.0171875 0.07265625
23 0.26640625 0.50546875 0.034375 0.04375
23 0.81328125 0.30234375 0.0234375 0.04375
23 0.84375 0.30546875 0.0234375 0.02890625
23 0.7953125 0.31484375 0.009375 0.01640625
23 0.27890625 0.44296875 0.028125 0.03984375
23 0.22109375 0.50703125 0.0234375 0.04140625
13 0.81328125 0.44609375 0.0453125 0.01015625
13 0.83359375 0.46171875 0.0890625 0.00859375
13 0.83671875 0.45390625 0.08125 0.01015625
13 0.83515625 0.44921875 0.0875 0.0125
13 0.57734375 0.36640625 0.0203125 0.01875
24 0.68984375 0.971875 0.2140625 0.03125