54 0.27265625 0.084375 0.528125 0.16171875
14 0.53671875 0.70625 0.0984375 0.121875
14 0.46328125 0.58125 0.303125 0.25390625
18 0.62578125 0.8453125 0.1421875 0.1921875
18 0.7625 0.68671875 0.128125 0.18046875
18 0.784375 0.53671875 0.115625 0.1828125
18 0.85234375 0.665625 0.1046875 0.178125
18 0.3921875 0.3765625 0.059375 0.084375
18 0.421875 0.19921875 0.115625 0.1546875
13 0.49921875 0.50859375 0.9984375 0.95078125
18 0.37421875 0.49296875 0.134375 0.1828125
18 0.26328125 0.5375 0.1046875 0.16171875
18 0.63828125 0.1546875 0.0921875 0.103125
18 0.60234375 0.50390625 0.0859375 0.12890625