8 0.09609375 0.57734375 0.0390625 0.03515625
42 0.44140625 0.61015625 0.0609375 0.18515625
8 0.0484375 0.58125 0.0390625 0.03359375
42 0.15859375 0.60234375 0.059375 0.1375
42 0.403125 0.55546875 0.01875 0.05390625
55 0.42421875 0.61640625 0.003125 0.00625
42 0.34609375 0.55625 0.0171875 0.05
42 0.70859375 0.55 0.0203125 0.07265625
42 0.79765625 0.54296875 0.0203125 0.06640625
59 0.471875 0.63828125 0.0234375 0.06640625
42 0.61796875 0.55625 0.01875 0.04375
42 0.02734375 0.57578125 0.034375 0.075
59 0.09765625 0.56796875 0.10625 0.075
59 0.3984375 0.56484375 0.00625 0.00859375
8 0.990625 0.56484375 0.015625 0.02109375