8 0.20078125 0.625 0.040625 0.13984375
8 0.896875 0.64453125 0.0265625 0.0515625
15 0.5484375 0.50078125 0.6515625 0.53515625
42 0.9125 0.5609375 0.0171875 0.03046875
42 0.896875 0.603125 0.0265625 0.0796875
42 0.93984375 0.559375 0.015625 0.03046875
42 0.8734375 0.56796875 0.0109375 0.05390625
42 0.728125 0.55859375 0.0078125 0.0609375
42 0.953125 0.55859375 0.0109375 0.0328125
42 0.06484375 0.51171875 0.0453125 0.05390625
42 0.021875 0.5171875 0.03125 0.05390625
42 0.0046875 0.53828125 0.009375 0.04453125