21 0.41015625 0.6453125 0.37734375 0.0984375
21 0.11328125 0.95078125 0.1734375 0.096875
42 0.1921875 0.4046875 0.365625 0.7109375
23 0.23046875 0.7640625 0.125 0.0953125
23 0.8609375 0.2640625 0.053125 0.0296875
35 0.6671875 0.6359375 0.11328125 0.1359375
16 0.6546875 0.7796875 0.625 0.234375
42 0.90859375 0.41328125 0.178125 0.5140625
24 0.521875 0.80625 0.9515625 0.384375
42 0.59140625 0.371875 0.47109375 0.6046875
23 0.71015625 0.16953125 0.0625 0.0421875
23 0.8609375 0.1234375 0.05546875 0.034375
23 0.8546875 0.17265625 0.0578125 0.0390625
23 0.93359375 0.16953125 0.04296875 0.0359375
23 0.4953125 0.2359375 0.0484375 0.034375
23 0.4515625 0.23359375 0.0578125 0.0390625
23 0.44375 0.18671875 0.0484375 0.040625
23 0.3609375 0.23359375 0.0453125 0.034375