42 0.6140625 0.77421875 0.015625 0.03046875
42 0.5359375 0.75546875 0.0109375 0.03046875
42 0.52578125 0.753125 0.009375 0.0328125
42 0.6390625 0.77578125 0.0234375 0.03046875
34 0.69296875 0.4671875 0.028125 0.03515625
34 0.44609375 0.596875 0.015625 0.0140625
34 0.6890625 0.2078125 0.015625 0.03046875
34 0.47578125 0.49921875 0.034375 0.02578125
42 0.8796875 0.7640625 0.0109375 0.04453125
42 0.8453125 0.75546875 0.0078125 0.03515625
17 0.44296875 0.73515625 0.015625 0.01171875
17 0.49453125 0.7453125 0.015625 0.01171875
17 0.46796875 0.74453125 0.0140625 0.009375
17 0.415625 0.759375 0.0296875 0.01640625
34 0.13046875 0.8109375 0.065625 0.03046875
34 0.63046875 0.66015625 0.059375 0.0375
42 0.43515625 0.778125 0.0125 0.03046875
42 0.8546875 0.76171875 0.00625 0.0375
42 0.91953125 0.76171875 0.0078125 0.0234375
42 0.39453125 0.76640625 0.0078125 0.05390625
42 0.37109375 0.76484375 0.0125 0.05625
42 0.35 0.7640625 0.0125 0.06328125