21 0.29375 0.36171875 0.1546875 0.16640625
21 0.446875 0.41015625 0.13125 0.24765625
28 0.61015625 0.88203125 0.2984375 0.23125
35 0.4421875 0.87421875 0.028125 0.24765625
43 0.47734375 0.90234375 0.528125 0.17109375
24 0.2984375 0.23515625 0.225 0.15859375
42 0.66171875 0.49609375 0.6734375 0.99140625
42 0.19765625 0.56015625 0.3921875 0.5875
42 0.48828125 0.14453125 0.2 0.28515625
42 0.36171875 0.0984375 0.1078125 0.196875
42 0.28359375 0.09375 0.1265625 0.17890625
42 0.1015625 0.18125 0.203125 0.3625
42 0.22890625 0.05859375 0.0484375 0.11640625
42 0.6625 0.090625 0.0546875 0.175
23 0.30234375 0.184375 0.0296875 0.0375
21 0.03515625 0.45625 0.0703125 0.35234375
21 0.6640625 0.17734375 0.0359375 0.02734375
24 0.95625 0.246875 0.084375 0.07734375
42 0.421875 0.03125 0.021875 0.06015625
42 0.58671875 0.096875 0.125 0.19375
24 0.5015625 0.89140625 0.99375 0.2125
23 0.26953125 0.18671875 0.0296875 0.04765625
23 0.34375 0.184375 0.03125 0.03359375
23 0.36953125 0.18203125 0.0265625 0.04765625