12 0.10703125 0.93203125 0.06484375 0.1328125
53 0.825 0.6234375 0.34765625 0.4625
53 0.15 0.63828125 0.29765625 0.40625
42 0.48515625 0.49921875 0.41640625 0.978125
42 0.21796875 0.68359375 0.42890625 0.54375
42 0.728125 0.61171875 0.22265625 0.4015625
23 0.26875 0.9640625 0.10859375 0.06875
23 0.04609375 0.96484375 0.09140625 0.0671875
46 0.28984375 0.5203125 0.09140625 0.034375
31 0.784375 0.79140625 0.13515625 0.1140625
42 0.046875 0.74140625 0.09375 0.3171875
42 0.91171875 0.70859375 0.17265625 0.3609375
44 0.30390625 0.26796875 0.22890625 0.3140625
44 0.33203125 0.60390625 0.10390625 0.1125