17 0.75234375 0.52578125 0.04375 0.0328125
17 0.8359375 0.5390625 0.0375 0.028125
17 0.70078125 0.52109375 0.0359375 0.02109375
17 0.9375 0.56015625 0.0421875 0.0328125
64 0.45234375 0.5765625 0.7546875 0.28203125
17 0.7953125 0.5390625 0.0375 0.02578125
17 0.953125 0.515625 0.0265625 0.01171875
65 0.53984375 0.46328125 0.0375 0.0234375
65 0.58515625 0.471875 0.0375 0.01640625
17 0.98203125 0.57265625 0.0328125 0.0328125
17 0.7671875 0.53203125 0.0375 0.03046875
17 0.61796875 0.4765625 0.025 0.009375
17 0.58828125 0.471875 0.03125 0.01875
17 0.56015625 0.471875 0.0296875 0.01171875
17 0.79609375 0.52265625 0.0296875 0.0140625
17 0.734375 0.5234375 0.0296875 0.028125