54 0.5546875 0.46875 0.3296875 0.10234375
18 0.71796875 0.80234375 0.0359375 0.08984375
18 0.63046875 0.83671875 0.0390625 0.1125
18 0.69609375 0.809375 0.0109375 0.05390625
18 0.68828125 0.875 0.0875 0.06484375
54 0.89140625 0.64921875 0.115625 0.25390625
54 0.8859375 0.490625 0.153125 0.08984375
54 0.415625 0.134375 0.1109375 0.08984375
54 0.909375 0.60859375 0.1125 0.16875
54 0.82109375 0.90625 0.190625 0.18359375
13 0.53125 0.18671875 0.2015625 0.13125
13 0.77578125 0.61015625 0.2265625 0.2375
13 0.90078125 0.80625 0.1953125 0.3
13 0.49921875 0.50234375 0.2640625 0.17890625
13 0.69296875 0.84765625 0.2515625 0.28984375
13 0.62265625 0.4 0.2078125 0.14375
13 0.65234375 0.30859375 0.2359375 0.13515625
13 0.365625 0.18671875 0.1375 0.06875
13 0.6375 0.16328125 0.1453125 0.13125
14 0.32578125 0.5625 0.028125 0.06640625
14 0.46796875 0.85 0.059375 0.06015625
14 0.2828125 0.59296875 0.034375 0.06015625
18 0.74375 0.86953125 0.040625 0.06640625
18 0.659375 0.903125 0.021875 0.06640625
24 0.49921875 0.54296875 0.9984375 0.91015625
28 0.3953125 0.91796875 0.1328125 0.1375
54 0.74921875 0.28359375 0.06875 0.06015625
13 0.25546875 0.22578125 0.15 0.08125
13 0.14453125 0.29140625 0.1828125 0.125
13 0.05546875 0.38046875 0.1109375 0.15390625
14 0.21171875 0.73671875 0.0625 0.05234375
18 0.62109375 0.89296875 0.05625 0.0625
18 0.91171875 0.80078125 0.01875 0.03125
18 0.60703125 0.83828125 0.0484375 0.05625
18 0.29609375 0.79296875 0.065625 0.0875
18 0.675 0.80234375 0.034375 0.04609375
18 0.69453125 0.94140625 0.0328125 0.02265625
54 0.83828125 0.28046875 0.03125 0.01875
14 0.41015625 0.7 0.0375 0.04375
14 0.46484375 0.63984375 0.028125 0.06875
14 0.2484375 0.56171875 0.025 0.02890625
13 0.13515625 0.48984375 0.2703125 0.19140625